1.367770
1.369997
1.369422
1.426213
1.314150
1.299778
1.429263
1.235190
1.492150
1.085650
1.042013
1.137237
1.130108
1.568353
1.410534
1.494342
1.454570
1.231173
1.147875
1.537779
1.305524
1.373842
1.050965
1.204806
1.489297
1.187458
1.195881
1.561580
0.921605
1.125074
1.010257
1.164178
1.254840
1.490925
1.150475
1.173027
1.038400
1.241699
1.034004
1.424649
1.074011
1.568552
1.371808
0.876842
0.946872
1.304801
1.286415
0.574047
0.730590
1.210077
0.906263
1.086183
1.314736
0.651726
0.885875
1.262368
0.629567
0.903080
1.336331
0.747816
0.896087
0.779933
1.065501
1.401559
1.310937
0.983181
0.915294
0.769861
0.566986
1.160968
1.012080
1.126574
1.587544
1.004352
0.842673
0.690827
0.982980
0.560543
0.930260
1.028491
0.804208
0.749589
0.939545
0.437303
0.908297
0.506515
1.150631
1.107140
0.758585
0.817872
0.669240
0.614530
1.232853
0.831981
0.820083
0.923045
0.805750
0.624653
1.384245
0.707475
1.067233
0.951054
0.650639
1.106158
0.768514
1.573660
0.952726
0.981247
1.091437
0.396135
1.109715
0.419258
0.924670
1.085466
0.251261
0.473620
0.704239
0.504252
1.383818
1.329826
0.994401
0.846453
1.315765
0.361793
1.105289
0.977044
0.498723
0.988517
0.754271
1.066462
0.600681
0.631242
0.643705
0.613867
0.677694
0.500320
1.041322
0.778244
0.412983
1.158734
0.740012
1.042342
1.094543
0.705696
1.397017
0.563363
0.711841
0.854112
1.454861
1.255255
1.353113
1.036143
0.834118
0.300903
0.317826
1.098138
0.715825
0.275060
0.258344
0.566460
0.303446
1.075472
0.394632
0.727300
1.314941
0.692340
0.253457
0.200336
0.859520
0.134934
1.221017
0.203836
1.145823
1.058091
0.398767
0.613729
1.177093
0.627806
1.047864
0.579187
0.721175
0.407118
0.378882
0.545363
0.388496
1.064660
0.532698
0.205281
0.556780
0.389714
0.253575
0.285137
0.213841
0.821357
0.187086
0.752702
1.402761
1.486894
0.390321
0.450885
0.531487
1.273959
0.559122
0.385463
1.479868
0.268438
0.152857
0.484926
0.247535
0.375811
0.854952
1.712283
0.396582
0.459323
0.473636
0.828625
0.333314
0.984200
0.142715
0.240318
0.971623
0.978323
1.303565
0.536860
0.613184
0.585827
0.658677
1.284768
1.150171
0.755934
0.551896
1.649194
0.085101
0.352118
0.467244
0.173575
1.001681
0.250376
0.330718
0.226202
0.209725
0.745064
0.203056
0.442844
0.161743
1.248577
0.158874
0.697102
0.460104
0.430785
1.671139
0.356008
0.214575
0.496624
0.330258
1.271750
1.641661
0.413229
0.188972
0.932534
0.166670
0.148864
0.114420
0.556567
0.070487
0.608952
0.798955
0.457408
0.100981
0.443461
0.122182
1.516861
0.124671
0.961451
0.773173
0.583336
0.665855
0.463534
0.262718
0.191898
0.298265
0.039659
0.656136
0.233960
0.699343
0.823163
0.354470
0.754996
0.374745
0.153335
0.833301
0.176974
0.200007
0.131249
0.128446
1.318001
0.680918
0.463695
1.193123
0.385507
0.502881
0.062637
0.365139
0.307815
0.819413
1.054274
0.479583
0.083116
0.157543
1.042060
0.721293
0.112565
0.043732
0.075367
0.540855
0.692613
0.172435
0.276003
1.023934
0.779984
0.490064
0.818699
0.150476
0.491407
0.250961
0.651158
0.217472
0.495328
0.163871
0.614058
0.044920
0.693976
0.745952
0.328767
0.164001
0.847579
0.038618
0.502097
0.730060
0.152408
0.904132
0.998381
1.145962
0.992142
0.097309
1.244336
0.127491
1.404118
0.086150
1.065007
0.914292
0.240797
0.519512
0.159536
0.246477
0.113660
0.195648
0.065768
0.100185
0.248961
0.668682
0.362707
1.230410
0.953805
0.076020
0.060495
0.119778
0.091508
1.220669
0.297828
0.610300
0.235762
0.122258
0.290076
0.611796
0.107900
0.775009
0.981045
0.195965
0.028930
0.194301
0.044148
1.587814
0.113281
0.680779
0.083669
0.023070
0.104943
0.631303
0.203781
0.060059
0.017511
0.064256
0.374907
1.111779
1.851574
0.478028
0.083666
0.602255
0.196246
0.070103
0.705962
1.176734
0.357011
1.176800
0.959945
0.367633
0.884921
0.018221
0.638892
0.912291
0.030554
0.238860
0.143821
1.237627
0.079618
0.091531
0.314366
1.186809
0.824899
0.055108
0.291141
0.412007
1.110626
0.261248
0.685267
1.009510
0.057712
0.026167
0.058996
0.952676
0.132582
0.449681
0.530734
0.304743
0.033199
0.981935
0.192628
0.066502
0.162619
0.069141
0.163177
0.248382
0.734488
1.006531
0.779147
0.027928
1.106773
0.980775
1.788722
0.314279
0.049896
0.866810
0.294723
1.344170
0.624037
0.771589
0.471835
0.020483
0.060791
0.188914
0.942711
1.126353
0.456066
0.233793
0.474475
0.450017
0.351326
1.041231
0.562698
0.708587
0.774356
0.169368
0.107477
0.053260
1.026418
0.251058
0.798126
0.018392
0.251598
0.694795
0.085234
1.114873
0.021520
0.206433
0.847791
0.800761
0.010614
0.591261
0.729087
0.028821
0.067862
0.186167
0.052785
0.454522
0.517855
1.201215
0.849140
1.079227
0.158466
1.236281
0.146507
0.752329
1.044125
1.686101
0.796411
0.647649
1.277578
0.179188
0.541578
0.230877
0.235116
0.016068
0.618963
0.039030
0.026264
0.137055
0.732466
1.244941
0.032826
0.158356
0.028866
0.021482
1.194392
0.533829
0.318971
0.354581
0.457406
0.556585
0.421395
0.304214
0.086396
1.058970
0.300624
1.076770
0.607570
0.094446
0.231972
0.582859
0.454692
1.356608
0.053377
0.061146
0.746264
0.244327
0.884429
0.281840
0.117340
1.192102
0.371644
0.950773
0.189664
0.375364
0.313202
0.638259
0.932123
1.198128
0.577255
0.299038
0.509826
1.123969
0.820538
0.026511
1.099516
0.069967
0.722283
0.029077
0.155500
0.403581
1.187135
1.113420
0.052047
0.658348
0.298151
0.009608
0.768522
0.364766
0.317496
0.523787
0.268385
0.512728
0.083256
0.346226
0.180754
0.493217
0.862367
0.027649
0.511371
0.016127
0.034927
0.356839
0.009414
0.123563
0.054545
0.575066
0.702030
0.119981
0.070424
0.038900
1.324504
0.055914
1.705857
0.332470
0.019462
0.017939
1.021020
0.020115
0.887842
0.171293
0.632482
0.427020
0.269328
0.138012
0.011285
0.240257
0.027117
1.307416
0.679029
0.667437
0.034174
0.993979
0.364314
0.697920
0.211777
0.011442
0.080860
0.291940
0.072986
0.129225
0.585091
0.126876
0.429444
0.877539
0.384760
0.324857
0.480611
1.578895
0.501947
0.809033
0.528232
0.300218
0.249108
0.148413
0.568712
0.015324
0.837396
0.471953
0.565225
0.136339
0.492418
0.968237
0.238072
0.114969
0.221589
0.047621
0.756439
0.092017
1.246395
0.824774
0.896685
1.109192
0.842314
0.083954
0.058035
0.631960
0.529961
0.385828
0.459751
0.055077
0.624900
0.074963
0.026039
1.161917
0.028945
0.203272
0.123148
0.461646
0.727287
0.052349
0.064172
0.064022
0.006610
0.151238
0.009855
0.008512
1.056228
0.333458
0.690482
0.289028
1.743430
0.011146
0.083579
0.035269
0.016807
0.009316
0.077071
0.017936
0.063237
0.896522
0.467709
0.043867
0.374229
0.006875
0.115140
0.334827
0.039683
0.261344
0.085574
0.145312
0.383159
0.108260
0.593637
0.026680
0.138928
0.162751
0.399374
0.046877
0.643237
1.469545
0.933288
0.020799
0.639070
0.630671
0.339053
0.005304
0.010504
0.791206
0.035423
0.260086
0.145876
1.007033
1.192029
0.396283
0.163459
0.106443
0.465588
0.563877
0.112685
0.174809
0.048240
0.300667
1.084538
0.087256
0.171801
0.217237
1.271860
1.125631
0.098882
0.866789
0.002731
0.731692
0.010119
0.016784
0.005186
1.337789
0.647501
1.221868
0.905528
0.955968
0.035934
0.050251
0.590761
0.790824
0.271476
0.469235
0.127530
0.509431
0.049855
0.886958
0.528671
0.415286
1.157220
0.103894
0.012453
0.242606
0.248302
0.010742
1.080123
0.270442
0.947973
0.152460
1.027244
0.279645
0.019998
1.225640
0.010558
0.558703
0.151179
0.366341
0.023833
0.034303
1.305710
0.328508
0.360818
0.011244
0.017387
0.114455
0.505213
0.087997
0.307639
0.073037
0.047786
0.251101
0.380767
0.638241
0.031793
0.222239
1.043709
0.829909
0.611565
1.067255
0.003667
0.247245
1.467077
0.018998
0.088929
0.246020
0.257872
0.048486
0.067956
0.977807
0.038962
1.077285
0.496011
1.115246
0.020176
1.119932
0.637692
0.509824
0.386347
0.047381
0.048303
0.071690
0.140134
0.185070
0.485785
0.006211
1.138192
0.672487
0.023032
0.745596
0.159398
0.340916
0.085662
0.332763
0.160587
0.016086
0.528129
0.727568
0.034363
0.423066
0.087307
0.615920
0.792238
1.337592
0.008272
0.042314
0.012512
0.051947
0.661464
0.828973
0.448909
0.305441
0.801935
0.119777
0.121074
0.287678
0.681669
0.545859
1.554951
0.172808
0.362030
1.035223
0.235727
0.056538
0.201004
0.129791
0.215796
0.574401
0.015441
0.098189
0.869612
1.439841
0.111107
0.674467
0.482359
0.056942
1.021643
0.038302
0.082069
1.054744
0.155486
0.213610
0.618221
0.207194
1.115649
0.200365
0.907747
1.364432
0.068849
0.306041
0.044930
0.059607
0.390603
0.127683
0.133178
0.588135
0.060372
0.024503
0.099046
0.050942
0.161166
0.023364
0.343123
0.123915
1.524147
0.054773
0.656572
1.104819
0.478150
0.355422
0.373811
0.023769
1.338890
0.376827
0.491504
0.763622
0.827309
0.175173
0.047180
0.001818
0.239118
0.005299
0.483020
0.485465
0.394436
0.489632
0.248747
0.058272
0.017255
0.319463
1.071675
0.006041
0.271658
0.070830
0.332908
0.286878
0.615261
0.535759
0.059276
0.628758
0.010726
0.674501
0.050461
0.006836
0.889150
0.651532
0.492284
0.335013
0.167703
0.213494
0.359081
0.029474
0.092442
0.003156
0.461581
1.041289
0.397978
0.352715
0.624418
0.512802
1.021121
0.016312
0.288421
0.040266
0.652842
0.392241
0.259446
0.959493
0.165161
0.106360
0.101185
0.014785
0.061014
0.964322
0.833459
0.538121
0.650381
0.073867
0.214128
0.031055
1.282548
0.019883
0.794673
1.236843
0.728514
0.014668
0.100299
0.055692
0.146051
